[params]

[defining_params]

[calib]
fx = 170.0
fy = 170.0
cx = 158.949433
cy = 81.891217
k1 = 0.909882
k2 = -3.559455
k3 = 3.626591
p1 = 0.047604
p2 = -0.005546