[global]
id = 128
name = Lens Only

[defining_params]
unambiguous_range = 4
sub_frame_cnt_max = 2
quad_cnt_max = 6
frame_rate = 60.00
intg_duty_cycle = 5
illum_power_percentage = 55
delay_fb_corr_mode = 1
delay_fb_dc_corr_mode = 1

[calib]
k3 = -0.0838070075746
k2 = 0.186886972881
cy = 99.2697725359
cx = 147.698132649
p2 = 0.00177329655628
fx = 228.973245816
fy = 229.365392955
p1 = 0.00128792508541
k1 = -0.186367327989

