[global]
id = 128
name = Short Range

[defining_params]
unambiguous_range = 8
frame_rate = 25
sub_frame_cnt_max = 2
quad_cnt_max = 6
intg_time = 10
illum_power_percentage = 48
mix_volt = 1800
delay_fb_corr_en = true
delay_fb_dc_corr_en = true

[calib]
phase_corr_1 = 2025
fx = 170.0
fy = 170.0
cx = 158.949433
cy = 81.891217
k1 = 0.909882
k2 = -3.559455
k3 = 3.626591
p1 = 0.047604
p2 = -0.005546
phasecorrection = TintinCDKCameraPhaseOffset.bin
freq_corr = 0.99167
freq_corr_at = 48
#cross_talk_coeff = (-1.01429887e-03,+0.0030195) (-9.79181623e-02,-0.05651024) (-1.01429887e-03,+0.0030195) (-3.70414963e-02,-0.03120087) (1.30868565e+00,0.02042769) (-3.70414963e-02,-0.03120087) (-1.01429887e-03,+0.0030195) (-9.79181623e-02,-0.05651024) (-1.01429887e-03,+0.0030195)
