[global]
id = 131
name = No Calibration

[params]

[defining_params]
sub_frame_cnt_max = 4
quad_cnt_max = 4
mod_freq1 = 48
mod_freq2 = 48
frame_rate = 30.00
intg_duty_cycle = 9

[calib]
fx = 170.0
fy = 170.0
cx = 158.949433
cy = 81.891217
k1 = 0.909882
k2 = -3.559455
k3 = 3.626591
p1 = 0.047604
p2 = -0.005546