[global]
id = 128
name = Short Range

[defining_params]
unambiguous_range = 8
sub_frame_cnt_max = 2
quad_cnt_max = 6
frame_rate = 60.00
intg_duty_cycle = 5
illum_power_percentage = 55

[calib]
k3 = -0.0838070075746
k2 = 0.186886972881
cy = 99.2697725359
cx = 147.698132649
p2 = 0.00177329655628
fx = 228.973245816
fy = 229.365392955
p1 = 0.00128792508541
k1 = -0.186367327989
phasecorrection = file:TintinCDKCameraPhaseOffset.bin
# The following is for experimental software cross-talk filter. This is now not necessary as this is implemented in hardware.
#soft_filt_coeff = (-1.01429887e-03,+0.0030195) (-9.79181623e-02,-0.05651024) (-1.01429887e-03,+0.0030195) (-3.70414963e-02,-0.03120087) (1.30868565e+00,0.02042769) (-3.70414963e-02,-0.03120087) (-1.01429887e-03,+0.0030195) (-9.79181623e-02,-0.05651024) (-1.01429887e-03,+0.0030195)
