[global]
id = 131
name = No Calibration

[params]

[defining_params]
unambiguous_range = 8
frame_rate = 30.00
intg_time = 9
illum_power_percentage = 50

[calib]
fx = 170.0
fy = 170.0
cx = 158.949433
cy = 81.891217
k1 = 0.909882
k2 = -3.559455
k3 = 3.626591
p1 = 0.047604
p2 = -0.005546