[global]
id = 128
name = Normal

[defining_params]
mod_freq1 = 24.0
mod_cdriv_en = true
mod_cdriv_curr = 30
pix_cnt_max = 50000
sub_frame_cnt_max1 = 4
intg_duty_cycle = 10

[params]

[calib]
fy = 112.439484
fx = 111.768919
cx = 47.105789
cy = 38.685114
k1 = -0.175643
k2 = -0.050417
k3 = 1.144932
p1 = 0.002103
p2 = -0.003972
phase_corr_1 = 970
