[params]

[calib]
fx = 100
fy = 100
cx = 40
cy = 30
k1 = 0.0
k2 = 0.0
k3 = 0.0
p1 = 0.0
p2 = 0.0
